NAME	= ValleyDepth
DESCRIPTION	= 
UNIT	= 
DATAFORMAT	= FLOAT
DATAFILE_OFFSET	= 0
BYTEORDER_BIG	= FALSE
TOPTOBOTTOM	= FALSE
POSITION_XMIN	= -51682.8590710548
POSITION_YMIN	= 1938442.4322714591
CELLCOUNT_X	= 2128
CELLCOUNT_Y	= 1398
CELLSIZE	= 250.0000000000
Z_FACTOR	= 1.000000
Z_OFFSET	= 0.000000
NODATA_VALUE	= -99999.000000;-99999.000000
